0.05647669
0.07637922
0.19023802
0.39729121
0.14203410
0.28035363
0.38862327
0.41709713
0.35979678
0.63181316
0.51731710
0.55520865
0.51550428
0.66102028
0.61982156
0.80048565
0.76908510
0.58889916
0.78995888
0.70832796
0.83616239
0.86308521
0.81769712
1.07436056
0.81687321
0.90396023
0.95293783
0.79281860
0.99712959
0.94166580
1.08613810
0.97218604
0.91972620
0.88078815
1.24343021
1.13964485
1.09147610
1.09334856
0.95102552
1.02839607
1.13485757
0.90459354
1.13289828
1.30011140
1.19671130
1.14609873
1.27317630
1.08770434
1.24081687
1.25677970
